1 1 119.498708 119.498708
1 5 114.627168 114.627168
1 9 108.304301 108.304301
2 1 57.499924 81.852223
2 5 57.365265 63.550256
2 9 57.541780 61.447089
3 1 39.223040 56.624428
3 5 43.732939 49.368353
3 9 48.367170 52.313111
4 1 30.583700 44.896387
4 5 34.813428 39.477877
4 9 39.458916 42.813293
5 1 28.476141 38.516203
5 5 30.084656 34.475980
5 9 34.650943 38.604148
6 1 25.216927 34.812068
6 5 26.055368 29.907326
6 9 30.549863 34.179342
7 1 27.451387 30.853966
7 5 23.901095 27.457770
7 9 28.381118 32.262662
8 1 22.705211 28.528019
8 5 22.687977 25.245181
8 9 26.716037 30.901508